
12750 variables, all linear
36830 constraints, all linear; 87250 nonzeros
	60 equality constraints
	36770 inequality constraints
1 linear objective; 12250 nonzeros.

Gurobi 6.0.2: timelim=3600
Gurobi 6.0.2: optimal solution; objective 62577
6 barrier iterations
11793 simplex iterations
cluster_assign [*,*]
:     1     2     3     4     5     6     7     8     9    10     :=
1    0.1   0.1   0.1   0.1   0.1   0.1   0.1   0.1   0.1   0.1
2    0.1   0.1   0.1   0.1   0.1   0.1   0.1   0.1   0.1   0.1
3    0.1   0.1   0.1   0.1   0.1   0.1   0.1   0.1   0.1   0.1
4    0.1   0.1   0.1   0.1   0.1   0.1   0.1   0.1   0.1   0.1
5    0.1   0.1   0.1   0.1   0.1   0.1   0.1   0.1   0.1   0.1
6    0.1   0.1   0.1   0.1   0.1   0.1   0.1   0.1   0.1   0.1
7    0.1   0.1   0.1   0.1   0.1   0.1   0.1   0.1   0.1   0.1
8    0.1   0.1   0.1   0.1   0.1   0.1   0.1   0.1   0.1   0.1
9    0.1   0.1   0.1   0.1   0.1   0.1   0.1   0.1   0.1   0.1
10   0.1   0.1   0.1   0.1   0.1   0.1   0.1   0.1   0.1   0.1
11   0.1   0.1   0.1   0.1   0.1   0.1   0.1   0.1   0.1   0.1
12   0.1   0.1   0.1   0.1   0.1   0.1   0.1   0.1   0.1   0.1
13   0.1   0.1   0.1   0.1   0.1   0.1   0.1   0.1   0.1   0.1
14   0.1   0.1   0.1   0.1   0.1   0.1   0.1   0.1   0.1   0.1
15   0.1   0.1   0.1   0.1   0.1   0.1   0.1   0.1   0.1   0.1
16   0.1   0.1   0.1   0.1   0.1   0.1   0.1   0.1   0.1   0.1
17   0.1   0.1   0.1   0.1   0.1   0.1   0.1   0.1   0.1   0.1
18   0.1   0.1   0.1   0.1   0.1   0.1   0.1   0.1   0.1   0.1
19   0.1   0.1   0.1   0.1   0.1   0.1   0.1   0.1   0.1   0.1
20   0.1   0.1   0.1   0.1   0.1   0.1   0.1   0.1   0.1   0.1
21   0.1   0.1   0.1   0.1   0.1   0.1   0.1   0.1   0.1   0.1
22   0.1   0.1   0.1   0.1   0.1   0.1   0.1   0.1   0.1   0.1
23   0.1   0.1   0.1   0.1   0.1   0.1   0.1   0.1   0.1   0.1
24   0.1   0.1   0.1   0.1   0.1   0.1   0.1   0.1   0.1   0.1
25   0.1   0.1   0.1   0.1   0.1   0.1   0.1   0.1   0.1   0.1
26   0.1   0.1   0.1   0.1   0.1   0.1   0.1   0.1   0.1   0.1
27   0.1   0.1   0.1   0.1   0.1   0.1   0.1   0.1   0.1   0.1
28   0.1   0.1   0.1   0.1   0.1   0.1   0.1   0.1   0.1   0.1
29   0.1   0.1   0.1   0.1   0.1   0.1   0.1   0.1   0.1   0.1
30   0.1   0.1   0.1   0.1   0.1   0.1   0.1   0.1   0.1   0.1
31   0.1   0.1   0.1   0.1   0.1   0.1   0.1   0.1   0.1   0.1
32   0.1   0.1   0.1   0.1   0.1   0.1   0.1   0.1   0.1   0.1
33   0.1   0.1   0.1   0.1   0.1   0.1   0.1   0.1   0.1   0.1
34   0.1   0.1   0.1   0.1   0.1   0.1   0.1   0.1   0.1   0.1
35   0.1   0.1   0.1   0.1   0.1   0.1   0.1   0.1   0.1   0.1
36   0.1   0.1   0.1   0.1   0.1   0.1   0.1   0.1   0.1   0.1
37   0.1   0.1   0.1   0.1   0.1   0.1   0.1   0.1   0.1   0.1
38   0.1   0.1   0.1   0.1   0.1   0.1   0.1   0.1   0.1   0.1
39   0.1   0.1   0.1   0.1   0.1   0.1   0.1   0.1   0.1   0.1
40   0.1   0.1   0.1   0.1   0.1   0.1   0.1   0.1   0.1   0.1
41   0.1   0.1   0.1   0.1   0.1   0.1   0.1   0.1   0.1   0.1
42   0.1   0.1   0.1   0.1   0.1   0.1   0.1   0.1   0.1   0.1
43   0.1   0.1   0.1   0.1   0.1   0.1   0.1   0.1   0.1   0.1
44   0.1   0.1   0.1   0.1   0.1   0.1   0.1   0.1   0.1   0.1
45   0.1   0.1   0.1   0.1   0.1   0.1   0.1   0.1   0.1   0.1
46   0.1   0.1   0.1   0.1   0.1   0.1   0.1   0.1   0.1   0.1
47   0.1   0.1   0.1   0.1   0.1   0.1   0.1   0.1   0.1   0.1
48   0.1   0.1   0.1   0.1   0.1   0.1   0.1   0.1   0.1   0.1
49   0.1   0.1   0.1   0.1   0.1   0.1   0.1   0.1   0.1   0.1
50   0.1   0.1   0.1   0.1   0.1   0.1   0.1   0.1   0.1   0.1
;

